/usr/bin/python2.7 /home/mi/PycharmProjects/Avito/count.py
2003 
2017 
1897 
1991 
1896 
1899 
1893 
1835 
1878 
1846 
1980 
1814 
1913 
1912 
1961-1991 
1899 
1899 
1921-1957 
1992 
1897 
1999 
1896 
2001 
1896 
1895 
1817 
1992 
1894 
1823 
1995 
2011 
2017 
2000-2016 
1882 
1980 
1994 
1992-1996 
1976 
1987 
2013 
200 
1780 
1924 
2002 
2000 
1997-2010 
1995 
2010 
1924 
2017 
1976 
2002 
1992 
1819 
1913 
2016 
1997 
2014 
1893 
1931 
1999 
1990 
1984 
925 
1924 
900 
1928 
2004-2005 
2008 
1989 
2002 
2011 
1992 
1961-1975 
2017 
2016 
750 
1787 
1743-1816 
2002 
1843-1920 
2017 
2017 
1749 
2016 
1986 
2017 
1993 
2011-2015 
1795 
1744 
2014 
19-21 
1980 
1992 
1991 
1853 
1924 
2017 
1945 
2015 
2014 
1812 
140 
120 
285 
180 
238 
180 
1981 
1896 
1798 
2014 
2008 
1941-1945 
2017 
2014 
1854 
1802-1855 
1938 
1704 
1974 
1936 
1861 
1730 
400 
1924 
1913 
2008 
1906 
1915 
100 
1900 
1822 
1829 
1894 
1924 
1924 
1911 
1828 
1993 
1964 
1992-1993 
1943-1991 
1978 
1992 
1908 
1986 
1966 
2014 
1961 
1994 
1996 
1974 
1903 
1981 
1939 
1827 
2017 
1990 
2011 
1801 
1926 
1997 
1923 
1926 
1922 
2013 
1925 
1989 
1993 
1992 
1992 
2017 
2001 
1776 
1723 
1992 
1992 
1932 
2001 
2014 
1961-1990 
2014 
1893-1930 
1980 
1983 
1981 
1992 
1948 
1967 
2011 
2012 
1848 
1924 
1927 
1762 
1799 
1942 
1944 
1942 
1987 
1999 
1992 
1938 
1757 
1938 
2012 
999 
2013 
1982 
2009 
2003 
1993 
1992 
1728 
1924 
1950 
1924 
1892 
1998 
2013 
1836 
1829 
1871 
1871 
1885 
1836 
1904 
1848 
1878 
2011 
1836 
1935 
1878 
1885 
1874 
1934 
1825 
1887 
1885 
1935 
1934 
1870 
1887 
1886 
1937 
1880 
1887 
1899 
1886 
1944 
1894 
1895 
1899 
1887 
1914 
1914 
1915 
1895 
1898 
1921 
1896 
1900 
1911 
2016 
1817 
1778 
500 
1906 
1924 
1991 
1934 
1923 
1837 
1869 
1910 
1892 
1911 
1911 
1908 
1902 
2006 
175 
1910 
1833 
835 
1995-1996 
1906 
1722 
2015 
2015 
2014 
1999 
2013 
2000 
2010 
2012 
1993 
2004 
2014 
1999-2016 
1927 
1812 
1927 
1933 
1973 
1952 
1977 
1977 
2005 
1977 
1977 
1977 
2014 
1998 
1964 
1914 
1921 
1923 
1924 
1910 
1910 
1961 
1974 
1964 
1993 
1964 
1970 
1969 
1924 
1914 
1883 
2001 
1899 
1989 
1911 
1898 
2000-2014 
1816 
1995 
2007 
1893 
1925 
1981 
1965 
1991 
1991 
2013 
1984 
1924 
2012 
100 
2013 
1977-1980 
1935 
2016 
999 
1935 
2015 
2013-2014 
1935 
2008 
2015 
1937 
999 
2015 
2015 
2017 
2014 
2017 
1995 
2015 
2015 
200 
2016 
999 
1925 
1921 
1965 
1812 
2012 
2014 
2010-2016 
1852 
170 
2003 
2003 
1840 
2000-2015 
1922 
2002 
1795 
2016 
2003 
1751 
2016 
1921-1957 
2016 
1941 
1901 
1812 
1901 
2014 
180 
2014 
1973 
1974 
1957 
1954 
1935 
1964 
1971 
1970 
1925 
91-92 
1987 
1955 
1931 
2016 
2003 
1995 
1991-1994 
1967 
1980 
1982 
2014 
170 
2012 
2014 
2014 
150 
1931 
1891 
2002 
1817 
1753 
1797 
1829 
1864 
1992 
2000 
1997-2014 
500 
1782 
1928-1957 
1879 
1993 
1967 
1909 
1962 
1992 
1974 
1936 
1928-1956 
1921 
2012 
1993 
1812 
1990 
1936 
1909 
111 
2014 
1980 
2014 
2016 
1925 
2004 
1974 
1991-1993 
2015-2016 
2016 
1979 
1993 
1973 
1854 
1943 
1977 
1974 
1785 
2009 
925 
2015 
1906 
2011 
1944 
2017 
1988 
1949 
1971 
1925 
1922 
1997-2014 
2003 
1924 
100 
2005 
125 
1749 
2014 
2013 
2009 
1728 
1703 
1864 
1924 
2017 
1897 
2007 
2009 
2009 
2009 
1922 
30-40 
1979 
1991 
1942 
1961-1991 
2010 
1727 
2013 
2013 
2013 
1989 
1878 
1897 
120 
2014 
1926 
1932 
2008 
2001 
1992 
2007 
1997 
1998 
2005 
2007 
2006 
1843 
2008 
1996 
1810 
2016 
1936 
100 
1924 
1981 
1899 
1998 
1994 
1996 
1897 
1899 
1897 
1810 
1899 
1903 
1898 
1897 
1900 
1981 
1889 
1938 
1798 
1845 
1823 
1987 
1762 
1800 
1801 
1897 
1893 
1912 
1913 
1998 
1818-1883 
1921 
1972 
1883 
1896 
1000 
1778 
175 
1997 
999 
2002 
2007 
1921 
457 
1869 
1993 
1993 
1921-1957 
1922 
1992-1993 
2012 
1988 
1924 
1929 
2002 
1924 
1925 
1000 
1978 
1999 
1961-1991 
1894 
1917 
1957 
2014 
1975 
1995 
1812 
1812 
2014 
2007 
1961-1991 
1993 
2017 
2016 
325 
1913 
2008 
1993 
1854 
1956 
1925 
1883 
2014 
1991-1993 
1993 
1964 
1920-1942 
1980 
2012 
1992 
1993 
1950 
1993 
2017 
1992 
1966 
1775 
1870-1970 
1925 
1807 
1878 
1814 
2007 
1916 
2006 
1990-2002 
1998 
205-180 
999 
2017 
1781 
2016 
180 
1996 
1767 
1993 
2003 
1768 
1980 
2000 
1932 
2010 
1810 
1894 
1998 
1987 
1898 
2014 
1968-2010 
1975-2010 
1991-1993 
1937 
1791 
2012 
1952 
1921 
1899 
2016 
1958 
250 
2011 
1988 
2008 
2014 
2010 
1979 
1976 
1921 
1922 
1924 
2003 
1991-1993 
2017 
2016 
1946 
1952 
1945 
200 
1812 
2016 
2014 
1772 
0086 
2014 
1826 
2014 
1750 
2014 
2010 
2014 
1998 
2006 
2002 
2004 
2000 
1993 
120 
150 
2016 
2014 
1978 
2009 
2006 
1766 
1965 
1964 
1965 
500 
1993 
1975 
1902 
1896 
1899 
1936 
1991 
1991 
1992 
1961 
1993 
1991 
1915 
1986 
2002-2003 
1939 
2004 
1930 
100 
2016 
1857 
1889 
999 
300 
2000 
100 
2000 
1993 
1838 
1992 
1995 
2007 
1841 
1963 
2007 
1917 
1933 
50-20 
2008 
1922 
1977 
1726 
1981 
1980 
2015 
1817 
1876 
1987 
1915 
1947 
500 
1892 
1913 
1935 
1979 
1894 
1876 
1819 
1904 
2014 
1935 
1903 
1935 
1831 
2002 
1967 
2015 
2010 
1936 
1912 
1831 
1964 
1876 
1970 
1999-2001 
1826 
1897 
1885 
1908 
1843 
1889 
1921 
1876 
1943 
1887 
1875 
1889 
1929 
1783 
1958 
1832 
1935 
1914 
1885 
1896 
1873 
1996 
1887 
1873 
1967 
1871 
1914 
1874 
1889 
1877 
1889 
1887 
1916 
1871 
1880 
1910 
1891 
1887 
1884 
1887 
1844 
1938 
1915 
2013 
1888 
1889 
1877 
1885 
1927 
2012 
1883 
1896 
1887 
1886 
1789 
1951 
1945 
1995 
1993 
1915 
1892 
1914 
2014 
1992 
2014 
1992 
2014 
1913 
2014 
1979 
1971 
1989 
1896 
1991 
1939 
1992 
2003 
1993 
300 
2013 
1812 
2007 
2010-2016 
1767 
1723-1892 
1898 
1818 
1798 
12-15 
1912 
100 
1976 
1996 
1984 
1994 
2014 
2010 
1994 
2006 
2016 
2008 
999 
1996 
999 
1900 
1967 
2007 
2000 
1790 
1799 
1971 
100 
2000 
2008 
2013 
2009 
1997 
2011 
2007 
2005 
1781 
1780 
1782 
1771 
2014 
2014 
1967 
1942 
1967-1999 
2011 
1992 
2013 
1781 
1992 
1993 
2014 
1999 
2014 
2014 
2001 
1966 
2000-2017 
2006 
1993 
1998 
1962 
1962 
1872 
1898 
200 
100 
1900 
1858 
1906 
1934 
1940 
1994 
1919 
30-50 
1781 
1957-2006 
2011 
1961 
1991-2010 
2016 
2011 
1913 
1913 
1993 
1700-1917 
1993 
2013 
1988 
1844 
1868 
340 
2014 
1997 
2011 
2012 
2011 
2014 
1749 
2010 
1943 
2016 
1950 
1993 
1931-1991 
1914 
1771 
2016 
1994 
1868-1912 
1924 
1926 
2013 
2001 
1798 
1737 
1987 
1961-1991 
1961-1991 
1961-1991 
1980-1991 
1990 
1953 
1968 
1999 
2000 
1994 
1964 
2002 
2011 
1976 
1876 
1987 
2013 
1931-1991 
1896 
1932-1991 
1957 
1974 
1924 
1919 
1914 
2009 
1992 
2001 
1793 
1812 
1983 
1990 
2007 
2009 
2000 
2011 
2000-2016 
2002 
2014 
2012 
1996 
2009 
1980 
2010 
1898 
2004 
2014 
2016 
2003 
2014 
2014 
999 
2014 
999 
1812 
1992 
1990 
1898 
1977 
1914 
1939 
1993 
1912 
2007 
1961 
1913 
1953 
1917-1967 
1994 
1898 
1899 
1914 
1990 
1911 
1914 
1994 
1940 
1757 
1915 
1991 
1967 
2008 
1997-2014 
2005 
1960-1991 
2011 
1885 
2009 
1996 
2002 
500 
1967 
2009 
2000 
1826 
2005 
1975 
1844 
1811 
1829 
1906 
2004 
2013 
2002 
1897 
1953 
1924 
100 
1927 
100 
1961-1991 
1922 
1896 
1922 
1922 
2016 
1790 
2010 
2016 
2015 
2016 
125 
1926 
1911 
1902 
1913 
1901 
1888 
1924 
1992 
1968 
2016 
1993 
2000 
1998 
2002 
1916 
10-15 
1935 
1722 
999 
1725 
2003 
1997 
1996 
1967 
1998 
2014 
2007 
2005 
2008 
1984 
1996-1997 
2000-2003 
2002 
1997 
1921-1991 
1937 
1977-1991 
1994 
1972 
1881 
189 
1993 
1991 
2016 
1989 
1986 
1961 
2001 
2005 
2013 
2009 
2013 
2013 
1912 
2005 
2003 
1834 
1997-2017 
2012 
1995 
1995 
1989 
2012 
1969 
1993 
1988 
1995 
1988 
1994 
100 
100 
1950-1970 
1898 
2014 
1997-2009 
1997-2009 
2005 
1814 
2014 
2014 
1613-1913 
1897 
1904 
1902 
1978 
1989 
1980 
1991 
2016 
1991 
1930 
1993 
1992 
1992 
1828 
1895 
1984 
1980 
1993 
1985 
1961-1991 
1976 
1991 
1992 
1992-1993 
1992 
2015 
2000-2014 
1972 
1982 
1987 
1991 
2015 
1990 
2016 
1989 
1986 
1988 
1979 
1968 
1979 
1924 
1973 
1969 
140 
1838 
1953 
1951 
2002 
2000 
2011 
1980-1993 
1966 
1961 
1962 
100 
2014 
1983 
1974 
1988 
145 
1989 
1973 
1988 
1978 
925 
1991 
1982 
1986 
1985 
1981 
1987 
867 
1984 
1991 
1990 
1988 
1982 
1993 
1981 
1780 
976 
1980 
1922 
1992 
1961 
100 
2005 
1970 
1810-1811 
1811-1828 
1730-1751 
100 
1931 
1653 
1924 
1899 
1993 
1991 
1964 
2008 
1992 
1991 
2009 
1964 
2014 
1888 
1995 
Все товары: 2525
С неизвестным годом: 1255
С известным годом: 1270
 До 2000-го года: 941
 После 2000-го года включительно: 329

Process finished with exit code 0
